specifications:
  'spec_sigma_dz': 0.002
  'spec_sigma_dz_type' : 'constant'
  'area_survey_spectro': 15000
  'kmax_GCsp': 0.25
  'kmin_GCsp': 0.001
  'z_bins_spectro': [0.90, 1.10, 1.30, 1.50, 1.80]
  'dn3' : [1815.0, 1701.5, 1410.0, 940.97]
  'bias' : [1.4614804, 1.6060949, 1.7464790, 1.8988660]